1 5
2 42
3 6
4 24
5 36
6 50
7 43
8 23
9 55
10 87
11 2
12 30
13 91
14 18
15 40
16 92
17 77
18 99
19 34
20 23
21 79
22 52
23 11
24 75
25 96
26 62
27 24
28 66
29 89
30 48
31 54
32 1
33 94
34 69
35 42
36 93
37 97
38 5
39 79
40 7
41 40
42 15
43 53
44 10
45 30
46 13
47 38
48 20
49 74
50 68
51 34
52 85
53 50
54 41
55 47
56 46
57 83
58 57
59 56
60 95
61 63
62 59
63 98
64 72
65 97
66 70
67 37
68 16
69 76
70 32
71 33
72 91
73 88
74 81
75 14
76 84
77 31
78 78
79 17
80 39
81 12
82 35
83 60
84 3
85 67
86 80
87 90
88 96
89 25
90 87
91 4
92 9
93 58
94 27
95 71
96 70
97 45
98 21
99 22
100 65
1 6
2 56
3 76
4 99
5 70
6 44
7 55
8 77
9 18
10 3
11 31
12 22
13 14
14 36
15 20
16 46
17 98
18 29
19 51
20 87
21 93
22 68
23 45
24 81
25 57
26 10
27 95
28 37
29 80
30 65
31 33
32 92
33 8
34 40
35 71
36 85
37 59
38 1
39 67
40 50
41 89
42 91
43 73
44 60
45 84
46 69
47 52
48 96
49 62
50 24
51 47
52 21
53 63
54 74
55 49
56 25
57 13
58 53
59 66
60 79
61 78
62 38
63 88
64 83
65 26
66 12
67 17
68 72
69 11
70 61
71 16
72 15
73 64
74 90
75 82
76 28
77 30
78 39
79 7
80 94
81 19
82 35
83 9
84 43
85 97
86 27
87 54
88 32
89 48
90 86
91 2
92 4
93 23
94 34
95 75
96 58
97 41
98 5
99 32
100 100
S